['makeData.py', '20', '198', '210']
