['makeData.py', '20', '802', '80']
