['makeData.py', '20', '237', '220']
