['makeData.py', '20', '54', '110']
